1.300000000000000000e+01
2.600000000000000000e+01
2.800000000000000000e+01
3.300000000000000000e+01
3.700000000000000000e+01
3.900000000000000000e+01
4.000000000000000000e+01
4.300000000000000000e+01
5.200000000000000000e+01
5.500000000000000000e+01
5.900000000000000000e+01
6.400000000000000000e+01
6.600000000000000000e+01
7.100000000000000000e+01
7.300000000000000000e+01
8.000000000000000000e+01
8.400000000000000000e+01
8.900000000000000000e+01
9.600000000000000000e+01
9.800000000000000000e+01
9.900000000000000000e+01
1.020000000000000000e+02
1.090000000000000000e+02
1.150000000000000000e+02
1.210000000000000000e+02
1.240000000000000000e+02
1.310000000000000000e+02
1.430000000000000000e+02
1.490000000000000000e+02
1.520000000000000000e+02
1.550000000000000000e+02
1.590000000000000000e+02
1.620000000000000000e+02
1.720000000000000000e+02
1.790000000000000000e+02
1.910000000000000000e+02
1.950000000000000000e+02
2.000000000000000000e+02
2.040000000000000000e+02
2.120000000000000000e+02
2.240000000000000000e+02
2.360000000000000000e+02
2.410000000000000000e+02
2.470000000000000000e+02
2.640000000000000000e+02
2.660000000000000000e+02
2.700000000000000000e+02
2.820000000000000000e+02
2.860000000000000000e+02
2.930000000000000000e+02
2.970000000000000000e+02
3.020000000000000000e+02
3.070000000000000000e+02
3.190000000000000000e+02
3.220000000000000000e+02
3.290000000000000000e+02
3.340000000000000000e+02
3.360000000000000000e+02
3.400000000000000000e+02
3.430000000000000000e+02
3.450000000000000000e+02
3.530000000000000000e+02
3.540000000000000000e+02
3.560000000000000000e+02
3.640000000000000000e+02
3.660000000000000000e+02
3.700000000000000000e+02
3.770000000000000000e+02
3.820000000000000000e+02
3.910000000000000000e+02
3.960000000000000000e+02
3.990000000000000000e+02
4.050000000000000000e+02
4.100000000000000000e+02
4.150000000000000000e+02
4.190000000000000000e+02
4.330000000000000000e+02
4.510000000000000000e+02
4.550000000000000000e+02
4.630000000000000000e+02
4.660000000000000000e+02
4.680000000000000000e+02
4.830000000000000000e+02
4.940000000000000000e+02
4.980000000000000000e+02
5.050000000000000000e+02
5.170000000000000000e+02
5.270000000000000000e+02
5.380000000000000000e+02
5.510000000000000000e+02
5.570000000000000000e+02
5.640000000000000000e+02
5.690000000000000000e+02
5.790000000000000000e+02
5.840000000000000000e+02
5.950000000000000000e+02
5.980000000000000000e+02
6.000000000000000000e+02
6.130000000000000000e+02
6.200000000000000000e+02
6.280000000000000000e+02
6.380000000000000000e+02
6.440000000000000000e+02
6.470000000000000000e+02
6.500000000000000000e+02
6.550000000000000000e+02
6.600000000000000000e+02
6.650000000000000000e+02
6.710000000000000000e+02
6.740000000000000000e+02
6.950000000000000000e+02
7.100000000000000000e+02
7.140000000000000000e+02
7.300000000000000000e+02
7.370000000000000000e+02
7.390000000000000000e+02
7.430000000000000000e+02
7.540000000000000000e+02
7.580000000000000000e+02
7.690000000000000000e+02
7.740000000000000000e+02
7.770000000000000000e+02
7.820000000000000000e+02
7.880000000000000000e+02
7.920000000000000000e+02
8.000000000000000000e+02
8.060000000000000000e+02
8.130000000000000000e+02
8.190000000000000000e+02
8.220000000000000000e+02
8.330000000000000000e+02
8.360000000000000000e+02
8.410000000000000000e+02
8.500000000000000000e+02
8.560000000000000000e+02
8.600000000000000000e+02
8.640000000000000000e+02
8.720000000000000000e+02
8.760000000000000000e+02
8.790000000000000000e+02
8.870000000000000000e+02
8.940000000000000000e+02
8.960000000000000000e+02
8.990000000000000000e+02
9.110000000000000000e+02
9.130000000000000000e+02
9.280000000000000000e+02
9.310000000000000000e+02
9.370000000000000000e+02
9.440000000000000000e+02
9.490000000000000000e+02
9.560000000000000000e+02
9.600000000000000000e+02
9.630000000000000000e+02
9.660000000000000000e+02
9.710000000000000000e+02
9.760000000000000000e+02
9.860000000000000000e+02
9.910000000000000000e+02
1.000000000000000000e+03
1.007000000000000000e+03
1.014000000000000000e+03
1.018000000000000000e+03
1.023000000000000000e+03
1.029000000000000000e+03
1.034000000000000000e+03
1.047000000000000000e+03
1.050000000000000000e+03
1.052000000000000000e+03
1.072000000000000000e+03
1.074000000000000000e+03
1.081000000000000000e+03
1.087000000000000000e+03
1.090000000000000000e+03
1.098000000000000000e+03
1.103000000000000000e+03
1.108000000000000000e+03
1.116000000000000000e+03
1.125000000000000000e+03
1.127000000000000000e+03
1.134000000000000000e+03
1.143000000000000000e+03
1.147000000000000000e+03
1.154000000000000000e+03
1.156000000000000000e+03
1.161000000000000000e+03
1.165000000000000000e+03
1.170000000000000000e+03
1.174000000000000000e+03
1.188000000000000000e+03
1.194000000000000000e+03
1.200000000000000000e+03
1.208000000000000000e+03
1.223000000000000000e+03
1.229000000000000000e+03
1.231000000000000000e+03
1.248000000000000000e+03
1.260000000000000000e+03
1.266000000000000000e+03
1.280000000000000000e+03
1.282000000000000000e+03
1.292000000000000000e+03
1.298000000000000000e+03
1.304000000000000000e+03
1.321000000000000000e+03
1.327000000000000000e+03
1.333000000000000000e+03
1.339000000000000000e+03
1.347000000000000000e+03
1.354000000000000000e+03
1.363000000000000000e+03
1.366000000000000000e+03
1.371000000000000000e+03
1.373000000000000000e+03
1.385000000000000000e+03
1.395000000000000000e+03
1.399000000000000000e+03
1.405000000000000000e+03
1.408000000000000000e+03
1.413000000000000000e+03
1.416000000000000000e+03
1.433000000000000000e+03
1.443000000000000000e+03
1.452000000000000000e+03
1.454000000000000000e+03
1.461000000000000000e+03
1.465000000000000000e+03
1.468000000000000000e+03
1.481000000000000000e+03
1.484000000000000000e+03
1.488000000000000000e+03
1.493000000000000000e+03
1.496000000000000000e+03
1.509000000000000000e+03
1.521000000000000000e+03
1.538000000000000000e+03
1.542000000000000000e+03
1.549000000000000000e+03
1.558000000000000000e+03
1.565000000000000000e+03
1.570000000000000000e+03
1.574000000000000000e+03
1.581000000000000000e+03
1.584000000000000000e+03
1.591000000000000000e+03
1.595000000000000000e+03
1.599000000000000000e+03
1.611000000000000000e+03
1.624000000000000000e+03
1.632000000000000000e+03
1.640000000000000000e+03
1.643000000000000000e+03
1.655000000000000000e+03
1.661000000000000000e+03
1.665000000000000000e+03
1.669000000000000000e+03
1.671000000000000000e+03
1.682000000000000000e+03
1.690000000000000000e+03
1.692000000000000000e+03
1.698000000000000000e+03
1.702000000000000000e+03
1.712000000000000000e+03
1.716000000000000000e+03
1.720000000000000000e+03
1.723000000000000000e+03
1.732000000000000000e+03
1.742000000000000000e+03
1.750000000000000000e+03
1.753000000000000000e+03
1.755000000000000000e+03
1.765000000000000000e+03
1.770000000000000000e+03
1.775000000000000000e+03
1.779000000000000000e+03
1.791000000000000000e+03
1.796000000000000000e+03
1.802000000000000000e+03
1.809000000000000000e+03
1.814000000000000000e+03
1.823000000000000000e+03
1.827000000000000000e+03
1.832000000000000000e+03
1.844000000000000000e+03
1.849000000000000000e+03
1.857000000000000000e+03
1.861000000000000000e+03
1.880000000000000000e+03
1.902000000000000000e+03
1.915000000000000000e+03
1.921000000000000000e+03
1.933000000000000000e+03
1.940000000000000000e+03
1.946000000000000000e+03
1.956000000000000000e+03
1.958000000000000000e+03
1.963000000000000000e+03
1.971000000000000000e+03
1.976000000000000000e+03
1.982000000000000000e+03
1.986000000000000000e+03
1.988000000000000000e+03
1.993000000000000000e+03
1.999000000000000000e+03
2.011000000000000000e+03
2.019000000000000000e+03
2.027000000000000000e+03
2.032000000000000000e+03
2.036000000000000000e+03
2.038000000000000000e+03
2.046000000000000000e+03
2.054000000000000000e+03
2.068000000000000000e+03
2.078000000000000000e+03
2.082000000000000000e+03
2.090000000000000000e+03
2.098000000000000000e+03
2.110000000000000000e+03
2.114000000000000000e+03
2.120000000000000000e+03
2.129000000000000000e+03
2.134000000000000000e+03
2.142000000000000000e+03
2.149000000000000000e+03
2.157000000000000000e+03
2.162000000000000000e+03
2.167000000000000000e+03
2.171000000000000000e+03
2.175000000000000000e+03
2.181000000000000000e+03
2.183000000000000000e+03
2.187000000000000000e+03
2.192000000000000000e+03
2.194000000000000000e+03
2.200000000000000000e+03
2.204000000000000000e+03
2.211000000000000000e+03
2.216000000000000000e+03
2.221000000000000000e+03
2.237000000000000000e+03
2.242000000000000000e+03
2.245000000000000000e+03
2.254000000000000000e+03
2.261000000000000000e+03
2.265000000000000000e+03
2.270000000000000000e+03
2.275000000000000000e+03
2.278000000000000000e+03
2.282000000000000000e+03
2.285000000000000000e+03
2.296000000000000000e+03
2.307000000000000000e+03
2.313000000000000000e+03
2.316000000000000000e+03
2.332000000000000000e+03
2.337000000000000000e+03
2.340000000000000000e+03
2.343000000000000000e+03
2.347000000000000000e+03
2.352000000000000000e+03
2.360000000000000000e+03
2.366000000000000000e+03
2.371000000000000000e+03
2.378000000000000000e+03
2.387000000000000000e+03
2.389000000000000000e+03
2.396000000000000000e+03
2.405000000000000000e+03
2.407000000000000000e+03
2.412000000000000000e+03
2.416000000000000000e+03
2.420000000000000000e+03
2.425000000000000000e+03
2.444000000000000000e+03
2.452000000000000000e+03
2.457000000000000000e+03
2.477000000000000000e+03
2.481000000000000000e+03
2.484000000000000000e+03
2.491000000000000000e+03
2.502000000000000000e+03
2.508000000000000000e+03
2.512000000000000000e+03
2.515000000000000000e+03
2.521000000000000000e+03
2.524000000000000000e+03
2.537000000000000000e+03
2.540000000000000000e+03
2.546000000000000000e+03
2.549000000000000000e+03
2.553000000000000000e+03
2.556000000000000000e+03
2.559000000000000000e+03
2.563000000000000000e+03
2.565000000000000000e+03
2.578000000000000000e+03
2.583000000000000000e+03
2.589000000000000000e+03
2.591000000000000000e+03
2.593000000000000000e+03
2.606000000000000000e+03
2.608000000000000000e+03
2.616000000000000000e+03
2.620000000000000000e+03
2.626000000000000000e+03
2.632000000000000000e+03
2.637000000000000000e+03
2.647000000000000000e+03
2.651000000000000000e+03
2.672000000000000000e+03
2.678000000000000000e+03
2.689000000000000000e+03
2.695000000000000000e+03
2.701000000000000000e+03
2.708000000000000000e+03
2.716000000000000000e+03
2.718000000000000000e+03
2.727000000000000000e+03
2.733000000000000000e+03
2.741000000000000000e+03
2.745000000000000000e+03
2.748000000000000000e+03
2.758000000000000000e+03
2.774000000000000000e+03
2.778000000000000000e+03
2.790000000000000000e+03
2.793000000000000000e+03
2.796000000000000000e+03
2.800000000000000000e+03
2.805000000000000000e+03
2.813000000000000000e+03
2.819000000000000000e+03
2.830000000000000000e+03
2.833000000000000000e+03
2.842000000000000000e+03
2.850000000000000000e+03
2.855000000000000000e+03
2.862000000000000000e+03
2.865000000000000000e+03
2.875000000000000000e+03
2.884000000000000000e+03
2.900000000000000000e+03
2.908000000000000000e+03
2.912000000000000000e+03
2.916000000000000000e+03
2.922000000000000000e+03
2.930000000000000000e+03
2.937000000000000000e+03
2.945000000000000000e+03
2.959000000000000000e+03
2.963000000000000000e+03
2.968000000000000000e+03
2.977000000000000000e+03
2.983000000000000000e+03
2.989000000000000000e+03
2.996000000000000000e+03
3.006000000000000000e+03
3.013000000000000000e+03
3.015000000000000000e+03
3.030000000000000000e+03
3.037000000000000000e+03
3.047000000000000000e+03
3.051000000000000000e+03
3.060000000000000000e+03
3.067000000000000000e+03
3.076000000000000000e+03
3.081000000000000000e+03
3.088000000000000000e+03
3.103000000000000000e+03
3.112000000000000000e+03
3.115000000000000000e+03
3.122000000000000000e+03
3.127000000000000000e+03
3.129000000000000000e+03
3.131000000000000000e+03
3.134000000000000000e+03
3.136000000000000000e+03
3.140000000000000000e+03
3.148000000000000000e+03
3.151000000000000000e+03
3.166000000000000000e+03
3.178000000000000000e+03
3.181000000000000000e+03
3.192000000000000000e+03
3.199000000000000000e+03
3.202000000000000000e+03
3.210000000000000000e+03
3.214000000000000000e+03
3.219000000000000000e+03
3.239000000000000000e+03
3.249000000000000000e+03
3.251000000000000000e+03
3.259000000000000000e+03
3.263000000000000000e+03
3.266000000000000000e+03
3.272000000000000000e+03
3.278000000000000000e+03
3.291000000000000000e+03
3.303000000000000000e+03
3.310000000000000000e+03
3.313000000000000000e+03
3.317000000000000000e+03
3.321000000000000000e+03
3.323000000000000000e+03
3.327000000000000000e+03
3.332000000000000000e+03
3.334000000000000000e+03
3.339000000000000000e+03
3.341000000000000000e+03
3.346000000000000000e+03
3.347000000000000000e+03
3.354000000000000000e+03
3.367000000000000000e+03
3.371000000000000000e+03
3.378000000000000000e+03
3.385000000000000000e+03
3.393000000000000000e+03
3.406000000000000000e+03
3.411000000000000000e+03
3.417000000000000000e+03
3.421000000000000000e+03
3.427000000000000000e+03
3.434000000000000000e+03
3.446000000000000000e+03
3.452000000000000000e+03
3.459000000000000000e+03
3.463000000000000000e+03
3.465000000000000000e+03
3.471000000000000000e+03
3.475000000000000000e+03
3.484000000000000000e+03
3.502000000000000000e+03
3.511000000000000000e+03
3.516000000000000000e+03
3.521000000000000000e+03
3.527000000000000000e+03
3.534000000000000000e+03
3.543000000000000000e+03
3.546000000000000000e+03
3.552000000000000000e+03
3.560000000000000000e+03
3.567000000000000000e+03
3.575000000000000000e+03
3.592000000000000000e+03
3.597000000000000000e+03
3.602000000000000000e+03
3.606000000000000000e+03
3.609000000000000000e+03
3.621000000000000000e+03
3.626000000000000000e+03
3.635000000000000000e+03
3.645000000000000000e+03
3.647000000000000000e+03
3.670000000000000000e+03
3.675000000000000000e+03
3.678000000000000000e+03
3.682000000000000000e+03
3.693000000000000000e+03
3.700000000000000000e+03
3.705000000000000000e+03
3.718000000000000000e+03
3.723000000000000000e+03
3.729000000000000000e+03
3.733000000000000000e+03
3.743000000000000000e+03
3.750000000000000000e+03
3.758000000000000000e+03
3.765000000000000000e+03
3.772000000000000000e+03
3.779000000000000000e+03
3.786000000000000000e+03
3.795000000000000000e+03
3.811000000000000000e+03
3.814000000000000000e+03
3.820000000000000000e+03
3.826000000000000000e+03
3.833000000000000000e+03
3.839000000000000000e+03
3.841000000000000000e+03
3.850000000000000000e+03
3.869000000000000000e+03
3.876000000000000000e+03
3.884000000000000000e+03
3.889000000000000000e+03
3.892000000000000000e+03
3.905000000000000000e+03
3.909000000000000000e+03
3.912000000000000000e+03
3.915000000000000000e+03
3.924000000000000000e+03
3.934000000000000000e+03
3.941000000000000000e+03
3.944000000000000000e+03
3.946000000000000000e+03
3.948000000000000000e+03
3.957000000000000000e+03
3.959000000000000000e+03
3.966000000000000000e+03
3.968000000000000000e+03
3.976000000000000000e+03
3.979000000000000000e+03
3.982000000000000000e+03
3.997000000000000000e+03
3.999000000000000000e+03
4.003000000000000000e+03
4.021000000000000000e+03
4.035000000000000000e+03
4.042000000000000000e+03
4.047000000000000000e+03
4.060000000000000000e+03
4.065000000000000000e+03
4.069000000000000000e+03
4.079000000000000000e+03
4.090000000000000000e+03
4.094000000000000000e+03
4.097000000000000000e+03
4.099000000000000000e+03
4.109000000000000000e+03
4.113000000000000000e+03
4.118000000000000000e+03
4.126000000000000000e+03
4.134000000000000000e+03
4.137000000000000000e+03
4.144000000000000000e+03
4.150000000000000000e+03
4.154000000000000000e+03
4.157000000000000000e+03
4.163000000000000000e+03
4.167000000000000000e+03
4.173000000000000000e+03
4.181000000000000000e+03
4.184000000000000000e+03
4.192000000000000000e+03
4.199000000000000000e+03
4.208000000000000000e+03
4.216000000000000000e+03
4.221000000000000000e+03
4.229000000000000000e+03
4.233000000000000000e+03
4.235000000000000000e+03
4.244000000000000000e+03
4.257000000000000000e+03
4.260000000000000000e+03
4.264000000000000000e+03
4.277000000000000000e+03
4.285000000000000000e+03
4.288000000000000000e+03
4.299000000000000000e+03
4.308000000000000000e+03
4.312000000000000000e+03
4.318000000000000000e+03
4.328000000000000000e+03
4.336000000000000000e+03
4.345000000000000000e+03
4.356000000000000000e+03
4.361000000000000000e+03
4.369000000000000000e+03
4.381000000000000000e+03
4.390000000000000000e+03
4.402000000000000000e+03
4.407000000000000000e+03
4.413000000000000000e+03
4.422000000000000000e+03
4.432000000000000000e+03
4.439000000000000000e+03
4.442000000000000000e+03
4.446000000000000000e+03
4.449000000000000000e+03
4.466000000000000000e+03
4.471000000000000000e+03
4.473000000000000000e+03
4.475000000000000000e+03
4.479000000000000000e+03
4.485000000000000000e+03
4.488000000000000000e+03
4.499000000000000000e+03
4.501000000000000000e+03
4.509000000000000000e+03
4.516000000000000000e+03
4.529000000000000000e+03
4.534000000000000000e+03
4.539000000000000000e+03
4.546000000000000000e+03
4.552000000000000000e+03
4.555000000000000000e+03
4.560000000000000000e+03
4.566000000000000000e+03
4.569000000000000000e+03
4.581000000000000000e+03
4.585000000000000000e+03
4.590000000000000000e+03
4.593000000000000000e+03
4.597000000000000000e+03
4.610000000000000000e+03
4.618000000000000000e+03
4.622000000000000000e+03
4.626000000000000000e+03
4.629000000000000000e+03
4.634000000000000000e+03
4.654000000000000000e+03
4.661000000000000000e+03
4.669000000000000000e+03
4.675000000000000000e+03
4.680000000000000000e+03
4.686000000000000000e+03
4.689000000000000000e+03
4.698000000000000000e+03
4.701000000000000000e+03
4.703000000000000000e+03
4.707000000000000000e+03
4.714000000000000000e+03
4.719000000000000000e+03
4.725000000000000000e+03
4.733000000000000000e+03
4.737000000000000000e+03
4.740000000000000000e+03
4.744000000000000000e+03
4.748000000000000000e+03
4.753000000000000000e+03
4.755000000000000000e+03
4.763000000000000000e+03
4.767000000000000000e+03
4.773000000000000000e+03
4.784000000000000000e+03
4.790000000000000000e+03
4.793000000000000000e+03
4.803000000000000000e+03
4.805000000000000000e+03
4.809000000000000000e+03
4.812000000000000000e+03
4.823000000000000000e+03
4.836000000000000000e+03
4.843000000000000000e+03
4.847000000000000000e+03
4.850000000000000000e+03
4.858000000000000000e+03
4.866000000000000000e+03
4.873000000000000000e+03
4.876000000000000000e+03
4.885000000000000000e+03
4.891000000000000000e+03
4.899000000000000000e+03
4.910000000000000000e+03
4.912000000000000000e+03
4.915000000000000000e+03
4.920000000000000000e+03
4.923000000000000000e+03
4.929000000000000000e+03
4.932000000000000000e+03
4.937000000000000000e+03
4.942000000000000000e+03
4.945000000000000000e+03
4.953000000000000000e+03
4.958000000000000000e+03
4.969000000000000000e+03
4.971000000000000000e+03
4.979000000000000000e+03
4.990000000000000000e+03
4.994000000000000000e+03
5.002000000000000000e+03
5.010000000000000000e+03
5.019000000000000000e+03
5.026000000000000000e+03
5.030000000000000000e+03
5.034000000000000000e+03
5.045000000000000000e+03
5.050000000000000000e+03
5.054000000000000000e+03
5.065000000000000000e+03
5.089000000000000000e+03
5.092000000000000000e+03
5.095000000000000000e+03
5.097000000000000000e+03
5.099000000000000000e+03
5.107000000000000000e+03
5.109000000000000000e+03
5.115000000000000000e+03
5.119000000000000000e+03
5.123000000000000000e+03
5.135000000000000000e+03
5.143000000000000000e+03
5.147000000000000000e+03
5.150000000000000000e+03
5.154000000000000000e+03
5.161000000000000000e+03
5.165000000000000000e+03
5.177000000000000000e+03
5.184000000000000000e+03
5.190000000000000000e+03
5.193000000000000000e+03
5.206000000000000000e+03
5.209000000000000000e+03
5.213000000000000000e+03
5.219000000000000000e+03
5.225000000000000000e+03
5.230000000000000000e+03
5.232000000000000000e+03
5.240000000000000000e+03
5.244000000000000000e+03
5.253000000000000000e+03
5.281000000000000000e+03
5.291000000000000000e+03
5.296000000000000000e+03
5.300000000000000000e+03
5.304000000000000000e+03
5.314000000000000000e+03
5.322000000000000000e+03
5.332000000000000000e+03
5.345000000000000000e+03
5.353000000000000000e+03
5.365000000000000000e+03
5.372000000000000000e+03
5.379000000000000000e+03
5.382000000000000000e+03
5.385000000000000000e+03
5.391000000000000000e+03
5.398000000000000000e+03
5.401000000000000000e+03
5.405000000000000000e+03
5.410000000000000000e+03
5.421000000000000000e+03
5.425000000000000000e+03
5.431000000000000000e+03
5.435000000000000000e+03
5.438000000000000000e+03
5.447000000000000000e+03
5.452000000000000000e+03
5.456000000000000000e+03
5.464000000000000000e+03
5.467000000000000000e+03
5.471000000000000000e+03
5.475000000000000000e+03
5.481000000000000000e+03
5.488000000000000000e+03
5.495000000000000000e+03
5.500000000000000000e+03
5.503000000000000000e+03
5.509000000000000000e+03
5.514000000000000000e+03
5.522000000000000000e+03
5.529000000000000000e+03
5.538000000000000000e+03
5.540000000000000000e+03
5.545000000000000000e+03
