1.000000000000000000e+00
2.000000000000000000e+00
8.000000000000000000e+00
1.000000000000000000e+01
1.600000000000000000e+01
2.100000000000000000e+01
2.300000000000000000e+01
2.500000000000000000e+01
2.600000000000000000e+01
2.900000000000000000e+01
3.100000000000000000e+01
3.600000000000000000e+01
3.700000000000000000e+01
4.700000000000000000e+01
5.300000000000000000e+01
5.700000000000000000e+01
5.900000000000000000e+01
6.300000000000000000e+01
6.500000000000000000e+01
6.900000000000000000e+01
7.000000000000000000e+01
7.600000000000000000e+01
7.800000000000000000e+01
8.400000000000000000e+01
8.900000000000000000e+01
9.100000000000000000e+01
9.300000000000000000e+01
9.400000000000000000e+01
9.700000000000000000e+01
9.900000000000000000e+01
1.040000000000000000e+02
1.050000000000000000e+02
1.160000000000000000e+02
1.210000000000000000e+02
1.220000000000000000e+02
1.240000000000000000e+02
1.360000000000000000e+02
1.470000000000000000e+02
1.540000000000000000e+02
1.580000000000000000e+02
1.660000000000000000e+02
1.750000000000000000e+02
1.820000000000000000e+02
1.880000000000000000e+02
1.940000000000000000e+02
1.960000000000000000e+02
2.040000000000000000e+02
2.140000000000000000e+02
2.220000000000000000e+02
2.260000000000000000e+02
2.340000000000000000e+02
2.390000000000000000e+02
2.470000000000000000e+02
2.540000000000000000e+02
2.610000000000000000e+02
2.660000000000000000e+02
2.750000000000000000e+02
2.790000000000000000e+02
2.900000000000000000e+02
3.000000000000000000e+02
3.090000000000000000e+02
3.170000000000000000e+02
3.200000000000000000e+02
3.310000000000000000e+02
3.380000000000000000e+02
3.410000000000000000e+02
3.530000000000000000e+02
3.570000000000000000e+02
3.620000000000000000e+02
3.720000000000000000e+02
3.800000000000000000e+02
3.880000000000000000e+02
3.930000000000000000e+02
3.990000000000000000e+02
4.170000000000000000e+02
4.230000000000000000e+02
4.290000000000000000e+02
4.350000000000000000e+02
4.430000000000000000e+02
4.480000000000000000e+02
4.560000000000000000e+02
4.760000000000000000e+02
4.850000000000000000e+02
4.940000000000000000e+02
5.070000000000000000e+02
5.150000000000000000e+02
5.230000000000000000e+02
5.260000000000000000e+02
5.310000000000000000e+02
5.370000000000000000e+02
5.500000000000000000e+02
5.620000000000000000e+02
5.650000000000000000e+02
5.680000000000000000e+02
5.700000000000000000e+02
5.750000000000000000e+02
5.820000000000000000e+02
5.890000000000000000e+02
6.020000000000000000e+02
6.060000000000000000e+02
6.100000000000000000e+02
6.180000000000000000e+02
6.210000000000000000e+02
6.270000000000000000e+02
6.420000000000000000e+02
6.490000000000000000e+02
6.550000000000000000e+02
6.560000000000000000e+02
6.570000000000000000e+02
6.580000000000000000e+02
6.590000000000000000e+02
6.600000000000000000e+02
6.630000000000000000e+02
6.670000000000000000e+02
6.760000000000000000e+02
6.820000000000000000e+02
6.850000000000000000e+02
6.860000000000000000e+02
6.870000000000000000e+02
6.880000000000000000e+02
6.910000000000000000e+02
6.950000000000000000e+02
6.960000000000000000e+02
6.970000000000000000e+02
7.020000000000000000e+02
7.150000000000000000e+02
7.190000000000000000e+02
7.200000000000000000e+02
7.230000000000000000e+02
7.320000000000000000e+02
7.400000000000000000e+02
7.430000000000000000e+02
7.440000000000000000e+02
7.450000000000000000e+02
7.490000000000000000e+02
7.530000000000000000e+02
7.600000000000000000e+02
7.670000000000000000e+02
7.680000000000000000e+02
7.690000000000000000e+02
7.700000000000000000e+02
7.710000000000000000e+02
7.720000000000000000e+02
7.730000000000000000e+02
7.740000000000000000e+02
7.770000000000000000e+02
7.780000000000000000e+02
7.790000000000000000e+02
7.800000000000000000e+02
7.810000000000000000e+02
7.820000000000000000e+02
7.830000000000000000e+02
7.840000000000000000e+02
7.850000000000000000e+02
7.890000000000000000e+02
7.900000000000000000e+02
7.910000000000000000e+02
7.920000000000000000e+02
7.930000000000000000e+02
7.940000000000000000e+02
7.950000000000000000e+02
7.960000000000000000e+02
7.970000000000000000e+02
7.980000000000000000e+02
7.990000000000000000e+02
8.000000000000000000e+02
8.010000000000000000e+02
8.020000000000000000e+02
8.030000000000000000e+02
8.040000000000000000e+02
8.060000000000000000e+02
8.100000000000000000e+02
8.110000000000000000e+02
8.120000000000000000e+02
8.130000000000000000e+02
8.140000000000000000e+02
8.150000000000000000e+02
8.160000000000000000e+02
8.170000000000000000e+02
8.180000000000000000e+02
8.190000000000000000e+02
8.200000000000000000e+02
8.210000000000000000e+02
8.220000000000000000e+02
8.230000000000000000e+02
8.240000000000000000e+02
8.250000000000000000e+02
8.260000000000000000e+02
8.280000000000000000e+02
8.300000000000000000e+02
8.310000000000000000e+02
8.320000000000000000e+02
8.330000000000000000e+02
8.340000000000000000e+02
8.350000000000000000e+02
8.360000000000000000e+02
8.370000000000000000e+02
8.380000000000000000e+02
8.390000000000000000e+02
8.400000000000000000e+02
8.410000000000000000e+02
8.440000000000000000e+02
8.450000000000000000e+02
8.460000000000000000e+02
8.470000000000000000e+02
8.480000000000000000e+02
8.500000000000000000e+02
8.510000000000000000e+02
8.520000000000000000e+02
8.530000000000000000e+02
8.540000000000000000e+02
8.550000000000000000e+02
8.560000000000000000e+02
8.570000000000000000e+02
8.580000000000000000e+02
8.590000000000000000e+02
8.600000000000000000e+02
8.610000000000000000e+02
8.630000000000000000e+02
8.640000000000000000e+02
8.650000000000000000e+02
8.660000000000000000e+02
8.670000000000000000e+02
8.680000000000000000e+02
8.690000000000000000e+02
8.700000000000000000e+02
8.710000000000000000e+02
8.740000000000000000e+02
8.750000000000000000e+02
8.760000000000000000e+02
8.770000000000000000e+02
8.780000000000000000e+02
8.790000000000000000e+02
8.810000000000000000e+02
8.830000000000000000e+02
8.850000000000000000e+02
8.890000000000000000e+02
8.900000000000000000e+02
8.910000000000000000e+02
8.920000000000000000e+02
8.930000000000000000e+02
8.940000000000000000e+02
8.950000000000000000e+02
8.960000000000000000e+02
8.970000000000000000e+02
8.980000000000000000e+02
8.990000000000000000e+02
9.000000000000000000e+02
9.010000000000000000e+02
9.020000000000000000e+02
9.030000000000000000e+02
9.070000000000000000e+02
9.080000000000000000e+02
9.090000000000000000e+02
9.100000000000000000e+02
9.110000000000000000e+02
9.120000000000000000e+02
9.130000000000000000e+02
9.140000000000000000e+02
9.150000000000000000e+02
9.160000000000000000e+02
9.170000000000000000e+02
9.190000000000000000e+02
9.200000000000000000e+02
9.210000000000000000e+02
9.220000000000000000e+02
9.230000000000000000e+02
9.240000000000000000e+02
9.250000000000000000e+02
9.260000000000000000e+02
9.270000000000000000e+02
9.280000000000000000e+02
9.290000000000000000e+02
9.300000000000000000e+02
9.310000000000000000e+02
9.320000000000000000e+02
9.330000000000000000e+02
9.340000000000000000e+02
9.350000000000000000e+02
9.360000000000000000e+02
9.370000000000000000e+02
9.380000000000000000e+02
9.400000000000000000e+02
9.410000000000000000e+02
9.420000000000000000e+02
9.450000000000000000e+02
9.460000000000000000e+02
9.470000000000000000e+02
9.480000000000000000e+02
9.490000000000000000e+02
9.500000000000000000e+02
9.510000000000000000e+02
9.520000000000000000e+02
9.530000000000000000e+02
9.540000000000000000e+02
9.550000000000000000e+02
9.560000000000000000e+02
9.580000000000000000e+02
9.590000000000000000e+02
9.600000000000000000e+02
9.610000000000000000e+02
9.620000000000000000e+02
9.630000000000000000e+02
9.640000000000000000e+02
9.650000000000000000e+02
9.660000000000000000e+02
9.670000000000000000e+02
9.680000000000000000e+02
9.690000000000000000e+02
9.700000000000000000e+02
9.710000000000000000e+02
9.720000000000000000e+02
9.740000000000000000e+02
9.750000000000000000e+02
9.760000000000000000e+02
9.770000000000000000e+02
9.780000000000000000e+02
9.790000000000000000e+02
9.800000000000000000e+02
9.810000000000000000e+02
9.820000000000000000e+02
9.830000000000000000e+02
9.840000000000000000e+02
9.850000000000000000e+02
9.860000000000000000e+02
9.870000000000000000e+02
9.890000000000000000e+02
9.900000000000000000e+02
9.910000000000000000e+02
9.920000000000000000e+02
9.940000000000000000e+02
9.950000000000000000e+02
9.990000000000000000e+02
1.000000000000000000e+03
1.001000000000000000e+03
1.002000000000000000e+03
1.003000000000000000e+03
1.004000000000000000e+03
1.005000000000000000e+03
1.006000000000000000e+03
1.007000000000000000e+03
1.008000000000000000e+03
1.009000000000000000e+03
1.010000000000000000e+03
1.011000000000000000e+03
1.012000000000000000e+03
1.013000000000000000e+03
1.014000000000000000e+03
1.015000000000000000e+03
1.016000000000000000e+03
1.017000000000000000e+03
1.018000000000000000e+03
1.019000000000000000e+03
1.020000000000000000e+03
1.021000000000000000e+03
1.022000000000000000e+03
1.023000000000000000e+03
1.024000000000000000e+03
1.025000000000000000e+03
1.026000000000000000e+03
1.027000000000000000e+03
1.028000000000000000e+03
1.029000000000000000e+03
1.030000000000000000e+03
1.034000000000000000e+03
1.035000000000000000e+03
1.036000000000000000e+03
1.037000000000000000e+03
1.039000000000000000e+03
1.041000000000000000e+03
1.042000000000000000e+03
1.043000000000000000e+03
1.044000000000000000e+03
1.045000000000000000e+03
1.048000000000000000e+03
1.049000000000000000e+03
1.050000000000000000e+03
1.051000000000000000e+03
1.052000000000000000e+03
1.053000000000000000e+03
1.054000000000000000e+03
1.055000000000000000e+03
1.056000000000000000e+03
1.057000000000000000e+03
1.058000000000000000e+03
1.059000000000000000e+03
1.060000000000000000e+03
1.061000000000000000e+03
1.062000000000000000e+03
1.063000000000000000e+03
1.064000000000000000e+03
1.065000000000000000e+03
1.066000000000000000e+03
1.067000000000000000e+03
1.068000000000000000e+03
1.069000000000000000e+03
1.070000000000000000e+03
1.071000000000000000e+03
1.072000000000000000e+03
1.073000000000000000e+03
1.074000000000000000e+03
1.075000000000000000e+03
1.076000000000000000e+03
1.077000000000000000e+03
1.078000000000000000e+03
1.079000000000000000e+03
1.080000000000000000e+03
1.081000000000000000e+03
1.082000000000000000e+03
1.083000000000000000e+03
1.084000000000000000e+03
1.085000000000000000e+03
1.086000000000000000e+03
1.087000000000000000e+03
1.088000000000000000e+03
1.089000000000000000e+03
1.090000000000000000e+03
1.091000000000000000e+03
1.092000000000000000e+03
1.093000000000000000e+03
1.094000000000000000e+03
1.095000000000000000e+03
1.096000000000000000e+03
1.097000000000000000e+03
1.098000000000000000e+03
1.099000000000000000e+03
1.100000000000000000e+03
1.101000000000000000e+03
1.102000000000000000e+03
1.103000000000000000e+03
1.104000000000000000e+03
1.105000000000000000e+03
1.106000000000000000e+03
1.107000000000000000e+03
1.108000000000000000e+03
1.109000000000000000e+03
1.110000000000000000e+03
1.111000000000000000e+03
1.112000000000000000e+03
1.113000000000000000e+03
1.114000000000000000e+03
1.115000000000000000e+03
1.116000000000000000e+03
1.117000000000000000e+03
1.118000000000000000e+03
1.119000000000000000e+03
1.120000000000000000e+03
1.121000000000000000e+03
1.122000000000000000e+03
1.123000000000000000e+03
1.124000000000000000e+03
1.125000000000000000e+03
1.126000000000000000e+03
1.127000000000000000e+03
1.128000000000000000e+03
1.129000000000000000e+03
1.130000000000000000e+03
1.131000000000000000e+03
1.132000000000000000e+03
1.133000000000000000e+03
1.134000000000000000e+03
1.135000000000000000e+03
1.136000000000000000e+03
1.137000000000000000e+03
1.138000000000000000e+03
1.139000000000000000e+03
1.140000000000000000e+03
1.141000000000000000e+03
1.142000000000000000e+03
1.143000000000000000e+03
1.144000000000000000e+03
1.145000000000000000e+03
1.146000000000000000e+03
1.147000000000000000e+03
1.148000000000000000e+03
1.149000000000000000e+03
1.150000000000000000e+03
1.151000000000000000e+03
1.152000000000000000e+03
1.153000000000000000e+03
1.154000000000000000e+03
1.155000000000000000e+03
1.156000000000000000e+03
1.157000000000000000e+03
1.158000000000000000e+03
1.159000000000000000e+03
1.160000000000000000e+03
1.161000000000000000e+03
1.162000000000000000e+03
1.163000000000000000e+03
1.164000000000000000e+03
1.165000000000000000e+03
1.166000000000000000e+03
1.167000000000000000e+03
1.168000000000000000e+03
1.169000000000000000e+03
1.170000000000000000e+03
1.171000000000000000e+03
1.172000000000000000e+03
1.173000000000000000e+03
1.174000000000000000e+03
1.175000000000000000e+03
1.176000000000000000e+03
1.177000000000000000e+03
1.178000000000000000e+03
1.179000000000000000e+03
1.180000000000000000e+03
1.181000000000000000e+03
1.182000000000000000e+03
1.183000000000000000e+03
1.184000000000000000e+03
1.185000000000000000e+03
1.186000000000000000e+03
1.187000000000000000e+03
1.188000000000000000e+03
1.189000000000000000e+03
1.190000000000000000e+03
1.191000000000000000e+03
1.192000000000000000e+03
1.193000000000000000e+03
1.194000000000000000e+03
1.195000000000000000e+03
1.196000000000000000e+03
1.197000000000000000e+03
1.198000000000000000e+03
1.199000000000000000e+03
1.200000000000000000e+03
1.201000000000000000e+03
1.202000000000000000e+03
1.203000000000000000e+03
1.204000000000000000e+03
1.205000000000000000e+03
1.206000000000000000e+03
1.207000000000000000e+03
1.208000000000000000e+03
1.209000000000000000e+03
1.210000000000000000e+03
1.211000000000000000e+03
1.212000000000000000e+03
1.213000000000000000e+03
1.214000000000000000e+03
1.215000000000000000e+03
1.216000000000000000e+03
1.217000000000000000e+03
1.218000000000000000e+03
1.219000000000000000e+03
1.220000000000000000e+03
1.221000000000000000e+03
1.222000000000000000e+03
1.223000000000000000e+03
1.224000000000000000e+03
1.225000000000000000e+03
1.226000000000000000e+03
1.227000000000000000e+03
1.228000000000000000e+03
1.229000000000000000e+03
1.230000000000000000e+03
1.231000000000000000e+03
1.232000000000000000e+03
1.233000000000000000e+03
1.234000000000000000e+03
1.235000000000000000e+03
1.236000000000000000e+03
1.237000000000000000e+03
1.238000000000000000e+03
1.239000000000000000e+03
1.240000000000000000e+03
1.241000000000000000e+03
1.242000000000000000e+03
1.246000000000000000e+03
1.251000000000000000e+03
1.258000000000000000e+03
1.268000000000000000e+03
1.275000000000000000e+03
1.282000000000000000e+03
1.287000000000000000e+03
1.295000000000000000e+03
1.307000000000000000e+03
1.316000000000000000e+03
1.324000000000000000e+03
1.332000000000000000e+03
1.335000000000000000e+03
1.342000000000000000e+03
1.346000000000000000e+03
1.348000000000000000e+03
1.362000000000000000e+03
1.374000000000000000e+03
1.386000000000000000e+03
1.390000000000000000e+03
1.397000000000000000e+03
1.402000000000000000e+03
1.408000000000000000e+03
1.412000000000000000e+03
1.417000000000000000e+03
1.422000000000000000e+03
1.423000000000000000e+03
1.424000000000000000e+03
1.425000000000000000e+03
1.426000000000000000e+03
1.427000000000000000e+03
1.428000000000000000e+03
1.430000000000000000e+03
1.431000000000000000e+03
1.432000000000000000e+03
1.433000000000000000e+03
1.434000000000000000e+03
1.436000000000000000e+03
1.437000000000000000e+03
1.438000000000000000e+03
1.439000000000000000e+03
1.440000000000000000e+03
1.441000000000000000e+03
1.442000000000000000e+03
1.443000000000000000e+03
1.444000000000000000e+03
1.445000000000000000e+03
1.446000000000000000e+03
1.447000000000000000e+03
1.448000000000000000e+03
1.449000000000000000e+03
1.450000000000000000e+03
1.451000000000000000e+03
1.452000000000000000e+03
1.453000000000000000e+03
1.454000000000000000e+03
1.455000000000000000e+03
1.456000000000000000e+03
1.457000000000000000e+03
1.458000000000000000e+03
1.459000000000000000e+03
1.460000000000000000e+03
1.461000000000000000e+03
1.462000000000000000e+03
1.463000000000000000e+03
1.464000000000000000e+03
1.465000000000000000e+03
1.466000000000000000e+03
1.467000000000000000e+03
1.468000000000000000e+03
1.469000000000000000e+03
1.470000000000000000e+03
1.471000000000000000e+03
1.472000000000000000e+03
1.474000000000000000e+03
1.475000000000000000e+03
1.476000000000000000e+03
1.477000000000000000e+03
1.478000000000000000e+03
1.479000000000000000e+03
1.482000000000000000e+03
1.484000000000000000e+03
1.486000000000000000e+03
1.493000000000000000e+03
1.498000000000000000e+03
1.509000000000000000e+03
1.513000000000000000e+03
1.518000000000000000e+03
1.519000000000000000e+03
1.526000000000000000e+03
1.528000000000000000e+03
1.535000000000000000e+03
1.541000000000000000e+03
1.542000000000000000e+03
1.553000000000000000e+03
1.555000000000000000e+03
1.561000000000000000e+03
1.571000000000000000e+03
1.576000000000000000e+03
1.586000000000000000e+03
1.592000000000000000e+03
1.599000000000000000e+03
1.601000000000000000e+03
1.607000000000000000e+03
1.617000000000000000e+03
1.618000000000000000e+03
1.626000000000000000e+03
1.627000000000000000e+03
1.634000000000000000e+03
1.642000000000000000e+03
1.648000000000000000e+03
1.652000000000000000e+03
1.658000000000000000e+03
1.660000000000000000e+03
1.671000000000000000e+03
1.673000000000000000e+03
1.677000000000000000e+03
1.696000000000000000e+03
1.699000000000000000e+03
1.701000000000000000e+03
1.718000000000000000e+03
1.726000000000000000e+03
1.731000000000000000e+03
1.747000000000000000e+03
1.751000000000000000e+03
1.757000000000000000e+03
1.762000000000000000e+03
1.788000000000000000e+03
1.794000000000000000e+03
1.800000000000000000e+03
1.803000000000000000e+03
1.806000000000000000e+03
1.811000000000000000e+03
1.821000000000000000e+03
1.823000000000000000e+03
1.840000000000000000e+03
1.848000000000000000e+03
1.857000000000000000e+03
1.859000000000000000e+03
1.862000000000000000e+03
1.866000000000000000e+03
1.869000000000000000e+03
1.879000000000000000e+03
1.895000000000000000e+03
1.897000000000000000e+03
1.900000000000000000e+03
1.908000000000000000e+03
1.911000000000000000e+03
1.913000000000000000e+03
1.923000000000000000e+03
1.938000000000000000e+03
1.948000000000000000e+03
1.955000000000000000e+03
1.959000000000000000e+03
1.964000000000000000e+03
1.969000000000000000e+03
1.983000000000000000e+03
1.990000000000000000e+03
1.996000000000000000e+03
1.999000000000000000e+03
2.007000000000000000e+03
2.008000000000000000e+03
2.012000000000000000e+03
2.021000000000000000e+03
2.024000000000000000e+03
2.032000000000000000e+03
2.043000000000000000e+03
2.052000000000000000e+03
2.061000000000000000e+03
2.067000000000000000e+03
2.070000000000000000e+03
2.078000000000000000e+03
2.085000000000000000e+03
2.101000000000000000e+03
2.110000000000000000e+03
2.117000000000000000e+03
2.123000000000000000e+03
2.128000000000000000e+03
2.133000000000000000e+03
2.139000000000000000e+03
2.145000000000000000e+03
2.153000000000000000e+03
2.158000000000000000e+03
2.162000000000000000e+03
2.165000000000000000e+03
2.170000000000000000e+03
2.174000000000000000e+03
2.183000000000000000e+03
2.185000000000000000e+03
2.190000000000000000e+03
2.193000000000000000e+03
2.195000000000000000e+03
2.202000000000000000e+03
2.204000000000000000e+03
2.210000000000000000e+03
2.215000000000000000e+03
2.221000000000000000e+03
2.229000000000000000e+03
2.235000000000000000e+03
2.238000000000000000e+03
2.241000000000000000e+03
2.247000000000000000e+03
2.252000000000000000e+03
2.256000000000000000e+03
2.258000000000000000e+03
2.267000000000000000e+03
2.279000000000000000e+03
2.283000000000000000e+03
2.286000000000000000e+03
2.288000000000000000e+03
2.297000000000000000e+03
2.631000000000000000e+03
2.636000000000000000e+03
2.637000000000000000e+03
2.638000000000000000e+03
2.639000000000000000e+03
2.640000000000000000e+03
2.656000000000000000e+03
2.703000000000000000e+03
2.704000000000000000e+03
2.705000000000000000e+03
2.745000000000000000e+03
2.800000000000000000e+03
3.354000000000000000e+03
3.355000000000000000e+03
3.356000000000000000e+03
3.357000000000000000e+03
3.358000000000000000e+03
3.359000000000000000e+03
3.360000000000000000e+03
3.361000000000000000e+03
3.362000000000000000e+03
3.363000000000000000e+03
3.364000000000000000e+03
3.365000000000000000e+03
3.366000000000000000e+03
3.367000000000000000e+03
3.368000000000000000e+03
3.369000000000000000e+03
3.370000000000000000e+03
3.371000000000000000e+03
3.372000000000000000e+03
3.373000000000000000e+03
3.374000000000000000e+03
3.375000000000000000e+03
3.376000000000000000e+03
3.377000000000000000e+03
3.378000000000000000e+03
3.379000000000000000e+03
3.380000000000000000e+03
3.381000000000000000e+03
3.382000000000000000e+03
3.383000000000000000e+03
3.384000000000000000e+03
3.385000000000000000e+03
3.386000000000000000e+03
3.387000000000000000e+03
3.388000000000000000e+03
3.389000000000000000e+03
3.390000000000000000e+03
3.391000000000000000e+03
3.392000000000000000e+03
3.393000000000000000e+03
3.394000000000000000e+03
3.395000000000000000e+03
3.396000000000000000e+03
3.397000000000000000e+03
3.398000000000000000e+03
3.399000000000000000e+03
3.400000000000000000e+03
3.401000000000000000e+03
3.402000000000000000e+03
3.403000000000000000e+03
3.404000000000000000e+03
3.405000000000000000e+03
3.406000000000000000e+03
3.407000000000000000e+03
3.408000000000000000e+03
3.409000000000000000e+03
3.410000000000000000e+03
3.411000000000000000e+03
3.412000000000000000e+03
3.413000000000000000e+03
3.414000000000000000e+03
3.415000000000000000e+03
3.416000000000000000e+03
3.417000000000000000e+03
3.418000000000000000e+03
3.419000000000000000e+03
3.420000000000000000e+03
3.421000000000000000e+03
3.422000000000000000e+03
3.423000000000000000e+03
3.424000000000000000e+03
3.425000000000000000e+03
3.426000000000000000e+03
3.427000000000000000e+03
3.428000000000000000e+03
3.429000000000000000e+03
3.430000000000000000e+03
3.431000000000000000e+03
3.432000000000000000e+03
3.433000000000000000e+03
3.434000000000000000e+03
3.435000000000000000e+03
3.436000000000000000e+03
3.437000000000000000e+03
3.438000000000000000e+03
3.439000000000000000e+03
3.440000000000000000e+03
3.441000000000000000e+03
3.442000000000000000e+03
3.443000000000000000e+03
3.444000000000000000e+03
3.445000000000000000e+03
3.446000000000000000e+03
3.447000000000000000e+03
3.448000000000000000e+03
3.449000000000000000e+03
3.450000000000000000e+03
3.451000000000000000e+03
3.452000000000000000e+03
3.453000000000000000e+03
3.454000000000000000e+03
3.455000000000000000e+03
3.456000000000000000e+03
3.457000000000000000e+03
3.458000000000000000e+03
3.459000000000000000e+03
3.460000000000000000e+03
3.461000000000000000e+03
3.462000000000000000e+03
3.463000000000000000e+03
3.464000000000000000e+03
3.465000000000000000e+03
3.466000000000000000e+03
3.467000000000000000e+03
3.468000000000000000e+03
3.469000000000000000e+03
3.470000000000000000e+03
3.471000000000000000e+03
3.472000000000000000e+03
3.473000000000000000e+03
3.474000000000000000e+03
3.475000000000000000e+03
3.476000000000000000e+03
3.477000000000000000e+03
3.478000000000000000e+03
3.479000000000000000e+03
3.480000000000000000e+03
3.481000000000000000e+03
3.482000000000000000e+03
3.483000000000000000e+03
3.484000000000000000e+03
3.485000000000000000e+03
3.486000000000000000e+03
3.487000000000000000e+03
3.488000000000000000e+03
3.489000000000000000e+03
3.490000000000000000e+03
3.491000000000000000e+03
3.492000000000000000e+03
3.517000000000000000e+03
