0.000000000000000000e+00
5.000000000000000000e+00
7.000000000000000000e+00
8.000000000000000000e+00
1.100000000000000000e+01
1.600000000000000000e+01
1.800000000000000000e+01
2.000000000000000000e+01
2.400000000000000000e+01
2.500000000000000000e+01
2.900000000000000000e+01
3.200000000000000000e+01
3.700000000000000000e+01
3.800000000000000000e+01
4.100000000000000000e+01
4.400000000000000000e+01
4.600000000000000000e+01
5.200000000000000000e+01
5.800000000000000000e+01
6.100000000000000000e+01
6.400000000000000000e+01
6.500000000000000000e+01
7.300000000000000000e+01
7.400000000000000000e+01
7.700000000000000000e+01
7.800000000000000000e+01
7.900000000000000000e+01
8.500000000000000000e+01
9.100000000000000000e+01
9.300000000000000000e+01
9.600000000000000000e+01
1.000000000000000000e+02
1.050000000000000000e+02
1.080000000000000000e+02
1.100000000000000000e+02
1.110000000000000000e+02
1.170000000000000000e+02
1.180000000000000000e+02
1.190000000000000000e+02
1.220000000000000000e+02
1.260000000000000000e+02
1.270000000000000000e+02
1.360000000000000000e+02
1.450000000000000000e+02
1.480000000000000000e+02
1.600000000000000000e+02
1.650000000000000000e+02
1.670000000000000000e+02
1.750000000000000000e+02
1.860000000000000000e+02
1.950000000000000000e+02
2.010000000000000000e+02
2.060000000000000000e+02
2.110000000000000000e+02
2.130000000000000000e+02
2.140000000000000000e+02
2.170000000000000000e+02
2.220000000000000000e+02
2.240000000000000000e+02
2.260000000000000000e+02
2.300000000000000000e+02
2.310000000000000000e+02
2.350000000000000000e+02
2.440000000000000000e+02
2.490000000000000000e+02
2.500000000000000000e+02
2.530000000000000000e+02
2.560000000000000000e+02
2.580000000000000000e+02
2.640000000000000000e+02
2.700000000000000000e+02
2.770000000000000000e+02
2.810000000000000000e+02
2.820000000000000000e+02
2.830000000000000000e+02
2.910000000000000000e+02
2.920000000000000000e+02
2.950000000000000000e+02
2.960000000000000000e+02
2.970000000000000000e+02
3.050000000000000000e+02
3.110000000000000000e+02
3.130000000000000000e+02
3.160000000000000000e+02
3.190000000000000000e+02
3.210000000000000000e+02
3.260000000000000000e+02
3.290000000000000000e+02
3.310000000000000000e+02
3.320000000000000000e+02
3.380000000000000000e+02
3.410000000000000000e+02
3.460000000000000000e+02
3.600000000000000000e+02
3.680000000000000000e+02
3.700000000000000000e+02
3.730000000000000000e+02
3.780000000000000000e+02
3.880000000000000000e+02
3.960000000000000000e+02
4.030000000000000000e+02
4.080000000000000000e+02
4.130000000000000000e+02
4.160000000000000000e+02
4.260000000000000000e+02
4.280000000000000000e+02
4.330000000000000000e+02
4.360000000000000000e+02
4.400000000000000000e+02
4.450000000000000000e+02
4.480000000000000000e+02
4.520000000000000000e+02
4.590000000000000000e+02
4.620000000000000000e+02
4.640000000000000000e+02
4.710000000000000000e+02
4.760000000000000000e+02
4.820000000000000000e+02
4.840000000000000000e+02
4.950000000000000000e+02
5.020000000000000000e+02
5.080000000000000000e+02
5.150000000000000000e+02
5.170000000000000000e+02
5.200000000000000000e+02
5.250000000000000000e+02
5.290000000000000000e+02
5.360000000000000000e+02
5.390000000000000000e+02
5.490000000000000000e+02
5.540000000000000000e+02
5.620000000000000000e+02
5.700000000000000000e+02
5.730000000000000000e+02
5.810000000000000000e+02
5.870000000000000000e+02
5.900000000000000000e+02
5.950000000000000000e+02
6.000000000000000000e+02
6.110000000000000000e+02
6.120000000000000000e+02
6.130000000000000000e+02
6.150000000000000000e+02
6.180000000000000000e+02
6.200000000000000000e+02
6.310000000000000000e+02
6.380000000000000000e+02
6.390000000000000000e+02
6.400000000000000000e+02
6.480000000000000000e+02
6.490000000000000000e+02
6.500000000000000000e+02
6.530000000000000000e+02
6.540000000000000000e+02
6.620000000000000000e+02
6.650000000000000000e+02
6.670000000000000000e+02
6.740000000000000000e+02
6.880000000000000000e+02
6.890000000000000000e+02
6.950000000000000000e+02
7.090000000000000000e+02
7.100000000000000000e+02
7.110000000000000000e+02
7.120000000000000000e+02
7.130000000000000000e+02
7.140000000000000000e+02
7.150000000000000000e+02
7.160000000000000000e+02
7.170000000000000000e+02
7.190000000000000000e+02
7.200000000000000000e+02
7.210000000000000000e+02
7.220000000000000000e+02
7.230000000000000000e+02
7.240000000000000000e+02
7.250000000000000000e+02
7.260000000000000000e+02
7.270000000000000000e+02
7.280000000000000000e+02
7.300000000000000000e+02
7.310000000000000000e+02
7.320000000000000000e+02
7.330000000000000000e+02
7.340000000000000000e+02
7.350000000000000000e+02
7.360000000000000000e+02
7.370000000000000000e+02
7.380000000000000000e+02
7.390000000000000000e+02
7.400000000000000000e+02
7.410000000000000000e+02
7.420000000000000000e+02
7.430000000000000000e+02
7.440000000000000000e+02
7.450000000000000000e+02
7.460000000000000000e+02
7.470000000000000000e+02
7.480000000000000000e+02
7.490000000000000000e+02
7.500000000000000000e+02
7.510000000000000000e+02
7.520000000000000000e+02
7.530000000000000000e+02
7.540000000000000000e+02
7.550000000000000000e+02
7.560000000000000000e+02
7.570000000000000000e+02
7.580000000000000000e+02
7.590000000000000000e+02
7.600000000000000000e+02
7.610000000000000000e+02
7.620000000000000000e+02
7.630000000000000000e+02
7.640000000000000000e+02
7.650000000000000000e+02
7.660000000000000000e+02
7.670000000000000000e+02
7.680000000000000000e+02
7.690000000000000000e+02
7.700000000000000000e+02
7.710000000000000000e+02
7.720000000000000000e+02
7.730000000000000000e+02
7.740000000000000000e+02
7.750000000000000000e+02
7.760000000000000000e+02
7.770000000000000000e+02
7.780000000000000000e+02
7.790000000000000000e+02
7.800000000000000000e+02
7.810000000000000000e+02
7.820000000000000000e+02
7.830000000000000000e+02
7.840000000000000000e+02
7.850000000000000000e+02
7.860000000000000000e+02
7.870000000000000000e+02
7.880000000000000000e+02
7.890000000000000000e+02
7.900000000000000000e+02
7.910000000000000000e+02
7.920000000000000000e+02
7.930000000000000000e+02
7.940000000000000000e+02
7.950000000000000000e+02
7.960000000000000000e+02
7.970000000000000000e+02
7.980000000000000000e+02
7.990000000000000000e+02
8.000000000000000000e+02
8.010000000000000000e+02
8.020000000000000000e+02
8.030000000000000000e+02
8.040000000000000000e+02
8.050000000000000000e+02
8.060000000000000000e+02
8.070000000000000000e+02
8.080000000000000000e+02
8.090000000000000000e+02
8.100000000000000000e+02
8.110000000000000000e+02
8.120000000000000000e+02
8.130000000000000000e+02
8.140000000000000000e+02
8.150000000000000000e+02
8.160000000000000000e+02
8.170000000000000000e+02
8.180000000000000000e+02
8.190000000000000000e+02
8.200000000000000000e+02
8.210000000000000000e+02
8.220000000000000000e+02
8.230000000000000000e+02
8.240000000000000000e+02
8.250000000000000000e+02
8.260000000000000000e+02
8.270000000000000000e+02
8.280000000000000000e+02
8.290000000000000000e+02
8.300000000000000000e+02
8.310000000000000000e+02
8.320000000000000000e+02
8.330000000000000000e+02
8.340000000000000000e+02
8.350000000000000000e+02
8.360000000000000000e+02
8.370000000000000000e+02
8.380000000000000000e+02
8.390000000000000000e+02
8.400000000000000000e+02
8.410000000000000000e+02
8.420000000000000000e+02
8.430000000000000000e+02
8.440000000000000000e+02
8.450000000000000000e+02
8.460000000000000000e+02
8.470000000000000000e+02
8.480000000000000000e+02
8.490000000000000000e+02
8.500000000000000000e+02
8.510000000000000000e+02
8.520000000000000000e+02
8.530000000000000000e+02
8.540000000000000000e+02
8.550000000000000000e+02
8.560000000000000000e+02
8.570000000000000000e+02
8.580000000000000000e+02
8.590000000000000000e+02
8.600000000000000000e+02
8.610000000000000000e+02
8.620000000000000000e+02
8.630000000000000000e+02
8.640000000000000000e+02
8.650000000000000000e+02
8.660000000000000000e+02
8.670000000000000000e+02
8.680000000000000000e+02
8.690000000000000000e+02
8.700000000000000000e+02
8.710000000000000000e+02
8.720000000000000000e+02
8.730000000000000000e+02
8.740000000000000000e+02
8.750000000000000000e+02
8.760000000000000000e+02
8.770000000000000000e+02
8.780000000000000000e+02
8.790000000000000000e+02
8.800000000000000000e+02
8.810000000000000000e+02
8.820000000000000000e+02
8.830000000000000000e+02
8.840000000000000000e+02
8.850000000000000000e+02
8.860000000000000000e+02
8.870000000000000000e+02
8.880000000000000000e+02
8.890000000000000000e+02
8.900000000000000000e+02
8.910000000000000000e+02
8.920000000000000000e+02
8.930000000000000000e+02
8.940000000000000000e+02
8.950000000000000000e+02
8.960000000000000000e+02
8.970000000000000000e+02
8.980000000000000000e+02
8.990000000000000000e+02
9.000000000000000000e+02
9.010000000000000000e+02
9.020000000000000000e+02
9.030000000000000000e+02
9.040000000000000000e+02
9.050000000000000000e+02
9.090000000000000000e+02
9.180000000000000000e+02
9.240000000000000000e+02
9.320000000000000000e+02
9.390000000000000000e+02
9.470000000000000000e+02
9.550000000000000000e+02
9.580000000000000000e+02
9.640000000000000000e+02
9.660000000000000000e+02
9.680000000000000000e+02
9.770000000000000000e+02
9.790000000000000000e+02
9.820000000000000000e+02
9.830000000000000000e+02
9.910000000000000000e+02
9.990000000000000000e+02
1.001000000000000000e+03
1.002000000000000000e+03
1.010000000000000000e+03
1.011000000000000000e+03
1.012000000000000000e+03
1.015000000000000000e+03
1.019000000000000000e+03
1.021000000000000000e+03
1.023000000000000000e+03
1.028000000000000000e+03
1.030000000000000000e+03
1.037000000000000000e+03
1.047000000000000000e+03
1.051000000000000000e+03
1.054000000000000000e+03
1.058000000000000000e+03
1.064000000000000000e+03
1.071000000000000000e+03
1.073000000000000000e+03
1.078000000000000000e+03
1.085000000000000000e+03
1.087000000000000000e+03
1.089000000000000000e+03
1.090000000000000000e+03
1.092000000000000000e+03
1.094000000000000000e+03
1.099000000000000000e+03
1.101000000000000000e+03
1.110000000000000000e+03
1.112000000000000000e+03
1.113000000000000000e+03
1.116000000000000000e+03
1.118000000000000000e+03
1.121000000000000000e+03
1.125000000000000000e+03
1.128000000000000000e+03
1.132000000000000000e+03
1.133000000000000000e+03
1.140000000000000000e+03
1.142000000000000000e+03
1.145000000000000000e+03
1.154000000000000000e+03
1.161000000000000000e+03
1.171000000000000000e+03
1.173000000000000000e+03
1.179000000000000000e+03
1.186000000000000000e+03
1.193000000000000000e+03
1.201000000000000000e+03
1.206000000000000000e+03
1.214000000000000000e+03
1.216000000000000000e+03
1.220000000000000000e+03
1.225000000000000000e+03
1.227000000000000000e+03
1.229000000000000000e+03
1.238000000000000000e+03
1.241000000000000000e+03
1.244000000000000000e+03
1.252000000000000000e+03
1.266000000000000000e+03
1.281000000000000000e+03
1.291000000000000000e+03
1.298000000000000000e+03
1.302000000000000000e+03
1.308000000000000000e+03
1.314000000000000000e+03
1.330000000000000000e+03
1.331000000000000000e+03
1.334000000000000000e+03
1.340000000000000000e+03
1.348000000000000000e+03
1.358000000000000000e+03
1.367000000000000000e+03
1.371000000000000000e+03
1.372000000000000000e+03
1.373000000000000000e+03
1.374000000000000000e+03
1.375000000000000000e+03
1.376000000000000000e+03
1.379000000000000000e+03
1.389000000000000000e+03
1.390000000000000000e+03
1.391000000000000000e+03
1.392000000000000000e+03
1.393000000000000000e+03
1.394000000000000000e+03
1.397000000000000000e+03
1.398000000000000000e+03
1.399000000000000000e+03
1.400000000000000000e+03
1.401000000000000000e+03
1.402000000000000000e+03
1.403000000000000000e+03
1.404000000000000000e+03
1.406000000000000000e+03
1.407000000000000000e+03
1.408000000000000000e+03
1.409000000000000000e+03
1.410000000000000000e+03
1.411000000000000000e+03
1.412000000000000000e+03
1.416000000000000000e+03
1.417000000000000000e+03
1.418000000000000000e+03
1.419000000000000000e+03
1.420000000000000000e+03
1.421000000000000000e+03
1.425000000000000000e+03
1.426000000000000000e+03
1.427000000000000000e+03
1.428000000000000000e+03
1.429000000000000000e+03
1.430000000000000000e+03
1.431000000000000000e+03
1.432000000000000000e+03
1.433000000000000000e+03
1.434000000000000000e+03
1.435000000000000000e+03
1.440000000000000000e+03
1.442000000000000000e+03
1.443000000000000000e+03
1.444000000000000000e+03
1.445000000000000000e+03
1.446000000000000000e+03
1.447000000000000000e+03
1.448000000000000000e+03
1.449000000000000000e+03
1.450000000000000000e+03
1.451000000000000000e+03
1.452000000000000000e+03
1.453000000000000000e+03
1.454000000000000000e+03
1.460000000000000000e+03
1.461000000000000000e+03
1.462000000000000000e+03
1.463000000000000000e+03
1.465000000000000000e+03
1.466000000000000000e+03
1.467000000000000000e+03
1.468000000000000000e+03
1.469000000000000000e+03
1.470000000000000000e+03
1.480000000000000000e+03
1.482000000000000000e+03
1.484000000000000000e+03
1.485000000000000000e+03
1.488000000000000000e+03
1.489000000000000000e+03
1.490000000000000000e+03
1.491000000000000000e+03
1.492000000000000000e+03
1.493000000000000000e+03
1.494000000000000000e+03
1.495000000000000000e+03
1.496000000000000000e+03
1.497000000000000000e+03
1.498000000000000000e+03
1.499000000000000000e+03
1.500000000000000000e+03
1.501000000000000000e+03
1.502000000000000000e+03
1.503000000000000000e+03
1.504000000000000000e+03
1.505000000000000000e+03
1.506000000000000000e+03
1.507000000000000000e+03
1.508000000000000000e+03
1.509000000000000000e+03
1.510000000000000000e+03
1.511000000000000000e+03
1.512000000000000000e+03
1.513000000000000000e+03
1.514000000000000000e+03
1.519000000000000000e+03
1.520000000000000000e+03
1.524000000000000000e+03
1.525000000000000000e+03
1.526000000000000000e+03
1.527000000000000000e+03
1.528000000000000000e+03
1.529000000000000000e+03
1.532000000000000000e+03
1.533000000000000000e+03
1.534000000000000000e+03
1.535000000000000000e+03
1.536000000000000000e+03
1.538000000000000000e+03
1.539000000000000000e+03
1.540000000000000000e+03
1.541000000000000000e+03
1.542000000000000000e+03
1.561000000000000000e+03
1.562000000000000000e+03
1.564000000000000000e+03
1.566000000000000000e+03
1.570000000000000000e+03
1.574000000000000000e+03
1.575000000000000000e+03
1.578000000000000000e+03
1.579000000000000000e+03
1.580000000000000000e+03
1.581000000000000000e+03
1.582000000000000000e+03
1.583000000000000000e+03
1.584000000000000000e+03
1.585000000000000000e+03
1.586000000000000000e+03
1.587000000000000000e+03
1.588000000000000000e+03
1.589000000000000000e+03
1.590000000000000000e+03
1.591000000000000000e+03
1.592000000000000000e+03
1.593000000000000000e+03
1.594000000000000000e+03
1.595000000000000000e+03
1.596000000000000000e+03
1.597000000000000000e+03
1.598000000000000000e+03
1.599000000000000000e+03
1.600000000000000000e+03
1.601000000000000000e+03
1.602000000000000000e+03
1.603000000000000000e+03
1.604000000000000000e+03
1.605000000000000000e+03
1.606000000000000000e+03
1.607000000000000000e+03
1.608000000000000000e+03
1.609000000000000000e+03
1.610000000000000000e+03
1.611000000000000000e+03
1.612000000000000000e+03
1.613000000000000000e+03
1.614000000000000000e+03
1.615000000000000000e+03
1.616000000000000000e+03
1.617000000000000000e+03
1.618000000000000000e+03
1.619000000000000000e+03
1.620000000000000000e+03
1.621000000000000000e+03
1.622000000000000000e+03
1.623000000000000000e+03
1.624000000000000000e+03
1.625000000000000000e+03
1.626000000000000000e+03
1.627000000000000000e+03
1.628000000000000000e+03
1.629000000000000000e+03
1.630000000000000000e+03
1.631000000000000000e+03
1.632000000000000000e+03
1.633000000000000000e+03
1.634000000000000000e+03
1.635000000000000000e+03
1.636000000000000000e+03
1.637000000000000000e+03
1.638000000000000000e+03
1.639000000000000000e+03
1.640000000000000000e+03
1.642000000000000000e+03
1.643000000000000000e+03
1.645000000000000000e+03
1.646000000000000000e+03
1.647000000000000000e+03
1.648000000000000000e+03
1.649000000000000000e+03
1.650000000000000000e+03
1.651000000000000000e+03
1.652000000000000000e+03
1.653000000000000000e+03
1.654000000000000000e+03
1.655000000000000000e+03
1.656000000000000000e+03
1.657000000000000000e+03
1.658000000000000000e+03
1.659000000000000000e+03
1.660000000000000000e+03
1.661000000000000000e+03
1.662000000000000000e+03
1.663000000000000000e+03
1.664000000000000000e+03
1.665000000000000000e+03
1.686000000000000000e+03
1.687000000000000000e+03
1.688000000000000000e+03
1.700000000000000000e+03
1.702000000000000000e+03
1.703000000000000000e+03
1.704000000000000000e+03
1.705000000000000000e+03
1.706000000000000000e+03
1.724000000000000000e+03
1.741000000000000000e+03
1.742000000000000000e+03
1.757000000000000000e+03
1.758000000000000000e+03
1.794000000000000000e+03
1.796000000000000000e+03
1.797000000000000000e+03
1.798000000000000000e+03
1.799000000000000000e+03
1.800000000000000000e+03
1.801000000000000000e+03
1.802000000000000000e+03
1.803000000000000000e+03
1.804000000000000000e+03
1.805000000000000000e+03
1.806000000000000000e+03
1.807000000000000000e+03
1.808000000000000000e+03
1.809000000000000000e+03
1.810000000000000000e+03
1.811000000000000000e+03
1.812000000000000000e+03
1.813000000000000000e+03
1.814000000000000000e+03
1.815000000000000000e+03
1.816000000000000000e+03
1.817000000000000000e+03
1.818000000000000000e+03
1.819000000000000000e+03
1.820000000000000000e+03
1.821000000000000000e+03
1.822000000000000000e+03
1.823000000000000000e+03
1.824000000000000000e+03
1.825000000000000000e+03
1.826000000000000000e+03
1.836000000000000000e+03
1.860000000000000000e+03
1.862000000000000000e+03
1.971000000000000000e+03
1.972000000000000000e+03
1.973000000000000000e+03
1.974000000000000000e+03
1.975000000000000000e+03
1.976000000000000000e+03
1.977000000000000000e+03
1.978000000000000000e+03
1.979000000000000000e+03
1.980000000000000000e+03
1.981000000000000000e+03
1.982000000000000000e+03
1.983000000000000000e+03
1.984000000000000000e+03
1.985000000000000000e+03
1.986000000000000000e+03
1.987000000000000000e+03
1.988000000000000000e+03
1.989000000000000000e+03
1.990000000000000000e+03
1.991000000000000000e+03
1.992000000000000000e+03
1.993000000000000000e+03
1.994000000000000000e+03
1.995000000000000000e+03
1.996000000000000000e+03
1.997000000000000000e+03
1.998000000000000000e+03
1.999000000000000000e+03
2.000000000000000000e+03
2.001000000000000000e+03
2.002000000000000000e+03
2.003000000000000000e+03
2.004000000000000000e+03
2.005000000000000000e+03
2.006000000000000000e+03
2.007000000000000000e+03
2.008000000000000000e+03
2.009000000000000000e+03
2.010000000000000000e+03
2.011000000000000000e+03
2.012000000000000000e+03
2.013000000000000000e+03
2.014000000000000000e+03
2.015000000000000000e+03
2.016000000000000000e+03
2.017000000000000000e+03
2.018000000000000000e+03
2.019000000000000000e+03
2.020000000000000000e+03
2.021000000000000000e+03
2.022000000000000000e+03
2.023000000000000000e+03
2.024000000000000000e+03
2.025000000000000000e+03
2.026000000000000000e+03
2.027000000000000000e+03
2.028000000000000000e+03
2.029000000000000000e+03
2.030000000000000000e+03
2.031000000000000000e+03
2.032000000000000000e+03
2.033000000000000000e+03
2.034000000000000000e+03
2.035000000000000000e+03
2.036000000000000000e+03
2.037000000000000000e+03
2.038000000000000000e+03
2.039000000000000000e+03
2.040000000000000000e+03
2.041000000000000000e+03
2.042000000000000000e+03
2.043000000000000000e+03
2.044000000000000000e+03
2.045000000000000000e+03
2.046000000000000000e+03
2.047000000000000000e+03
2.048000000000000000e+03
