4.000000000000000000e+00
7.000000000000000000e+00
9.000000000000000000e+00
1.200000000000000000e+01
1.600000000000000000e+01
1.900000000000000000e+01
2.300000000000000000e+01
3.900000000000000000e+01
4.400000000000000000e+01
4.900000000000000000e+01
5.800000000000000000e+01
6.700000000000000000e+01
7.600000000000000000e+01
7.800000000000000000e+01
8.300000000000000000e+01
8.600000000000000000e+01
8.900000000000000000e+01
9.200000000000000000e+01
9.800000000000000000e+01
1.000000000000000000e+02
1.040000000000000000e+02
1.050000000000000000e+02
1.090000000000000000e+02
1.170000000000000000e+02
1.210000000000000000e+02
1.260000000000000000e+02
1.310000000000000000e+02
1.350000000000000000e+02
1.460000000000000000e+02
1.500000000000000000e+02
1.540000000000000000e+02
1.570000000000000000e+02
1.680000000000000000e+02
1.790000000000000000e+02
1.800000000000000000e+02
1.810000000000000000e+02
1.830000000000000000e+02
1.840000000000000000e+02
1.850000000000000000e+02
1.860000000000000000e+02
1.870000000000000000e+02
1.900000000000000000e+02
1.970000000000000000e+02
2.050000000000000000e+02
2.080000000000000000e+02
2.110000000000000000e+02
2.170000000000000000e+02
2.220000000000000000e+02
2.280000000000000000e+02
2.290000000000000000e+02
2.360000000000000000e+02
2.460000000000000000e+02
2.540000000000000000e+02
2.650000000000000000e+02
2.670000000000000000e+02
2.690000000000000000e+02
2.820000000000000000e+02
2.870000000000000000e+02
2.890000000000000000e+02
3.000000000000000000e+02
3.040000000000000000e+02
3.110000000000000000e+02
3.180000000000000000e+02
3.250000000000000000e+02
3.280000000000000000e+02
3.360000000000000000e+02
3.390000000000000000e+02
3.540000000000000000e+02
3.600000000000000000e+02
3.650000000000000000e+02
3.710000000000000000e+02
3.840000000000000000e+02
3.910000000000000000e+02
3.970000000000000000e+02
4.020000000000000000e+02
4.070000000000000000e+02
4.130000000000000000e+02
4.170000000000000000e+02
4.270000000000000000e+02
4.330000000000000000e+02
4.400000000000000000e+02
4.470000000000000000e+02
4.570000000000000000e+02
4.630000000000000000e+02
4.750000000000000000e+02
4.830000000000000000e+02
4.840000000000000000e+02
4.850000000000000000e+02
4.860000000000000000e+02
4.870000000000000000e+02
4.880000000000000000e+02
4.930000000000000000e+02
5.060000000000000000e+02
5.240000000000000000e+02
5.260000000000000000e+02
5.300000000000000000e+02
5.330000000000000000e+02
5.380000000000000000e+02
5.400000000000000000e+02
5.480000000000000000e+02
5.540000000000000000e+02
5.630000000000000000e+02
5.680000000000000000e+02
5.710000000000000000e+02
5.800000000000000000e+02
5.830000000000000000e+02
5.900000000000000000e+02
5.970000000000000000e+02
6.060000000000000000e+02
6.090000000000000000e+02
6.150000000000000000e+02
6.210000000000000000e+02
6.290000000000000000e+02
6.430000000000000000e+02
6.450000000000000000e+02
6.610000000000000000e+02
6.660000000000000000e+02
6.690000000000000000e+02
6.760000000000000000e+02
6.850000000000000000e+02
6.930000000000000000e+02
7.020000000000000000e+02
7.140000000000000000e+02
7.190000000000000000e+02
7.330000000000000000e+02
7.370000000000000000e+02
7.460000000000000000e+02
7.480000000000000000e+02
7.550000000000000000e+02
7.590000000000000000e+02
7.660000000000000000e+02
7.700000000000000000e+02
7.800000000000000000e+02
7.850000000000000000e+02
7.910000000000000000e+02
7.940000000000000000e+02
7.960000000000000000e+02
7.990000000000000000e+02
8.060000000000000000e+02
8.120000000000000000e+02
8.150000000000000000e+02
8.180000000000000000e+02
8.220000000000000000e+02
8.250000000000000000e+02
8.320000000000000000e+02
8.370000000000000000e+02
8.430000000000000000e+02
8.570000000000000000e+02
8.630000000000000000e+02
8.720000000000000000e+02
8.780000000000000000e+02
8.920000000000000000e+02
8.990000000000000000e+02
9.020000000000000000e+02
9.080000000000000000e+02
9.110000000000000000e+02
9.140000000000000000e+02
9.230000000000000000e+02
9.330000000000000000e+02
9.380000000000000000e+02
9.450000000000000000e+02
9.470000000000000000e+02
9.500000000000000000e+02
9.590000000000000000e+02
9.680000000000000000e+02
9.720000000000000000e+02
9.780000000000000000e+02
9.830000000000000000e+02
9.930000000000000000e+02
1.005000000000000000e+03
1.008000000000000000e+03
1.020000000000000000e+03
1.024000000000000000e+03
1.027000000000000000e+03
1.037000000000000000e+03
1.041000000000000000e+03
1.055000000000000000e+03
1.059000000000000000e+03
1.064000000000000000e+03
1.070000000000000000e+03
1.079000000000000000e+03
1.081000000000000000e+03
1.084000000000000000e+03
1.090000000000000000e+03
1.094000000000000000e+03
1.096000000000000000e+03
1.104000000000000000e+03
1.108000000000000000e+03
1.120000000000000000e+03
1.128000000000000000e+03
1.130000000000000000e+03
1.135000000000000000e+03
1.137000000000000000e+03
1.140000000000000000e+03
1.143000000000000000e+03
1.155000000000000000e+03
1.162000000000000000e+03
1.179000000000000000e+03
1.196000000000000000e+03
1.203000000000000000e+03
1.217000000000000000e+03
1.222000000000000000e+03
1.225000000000000000e+03
1.230000000000000000e+03
1.237000000000000000e+03
1.245000000000000000e+03
1.249000000000000000e+03
1.256000000000000000e+03
1.261000000000000000e+03
1.279000000000000000e+03
1.284000000000000000e+03
1.290000000000000000e+03
1.292000000000000000e+03
1.304000000000000000e+03
1.313000000000000000e+03
1.321000000000000000e+03
1.331000000000000000e+03
1.335000000000000000e+03
1.346000000000000000e+03
1.353000000000000000e+03
1.363000000000000000e+03
1.367000000000000000e+03
1.380000000000000000e+03
1.389000000000000000e+03
1.391000000000000000e+03
1.396000000000000000e+03
1.403000000000000000e+03
1.406000000000000000e+03
1.413000000000000000e+03
1.417000000000000000e+03
1.420000000000000000e+03
1.423000000000000000e+03
1.429000000000000000e+03
1.435000000000000000e+03
1.437000000000000000e+03
1.439000000000000000e+03
1.444000000000000000e+03
1.450000000000000000e+03
1.459000000000000000e+03
1.461000000000000000e+03
1.464000000000000000e+03
1.472000000000000000e+03
1.487000000000000000e+03
1.491000000000000000e+03
1.496000000000000000e+03
1.506000000000000000e+03
1.521000000000000000e+03
1.531000000000000000e+03
1.539000000000000000e+03
1.542000000000000000e+03
1.545000000000000000e+03
1.552000000000000000e+03
1.558000000000000000e+03
1.567000000000000000e+03
1.573000000000000000e+03
1.590000000000000000e+03
1.600000000000000000e+03
1.607000000000000000e+03
1.612000000000000000e+03
1.619000000000000000e+03
1.629000000000000000e+03
1.633000000000000000e+03
1.638000000000000000e+03
1.647000000000000000e+03
1.658000000000000000e+03
1.665000000000000000e+03
1.668000000000000000e+03
1.674000000000000000e+03
1.683000000000000000e+03
1.689000000000000000e+03
1.697000000000000000e+03
1.700000000000000000e+03
1.705000000000000000e+03
1.707000000000000000e+03
1.709000000000000000e+03
1.717000000000000000e+03
1.720000000000000000e+03
1.723000000000000000e+03
1.729000000000000000e+03
1.737000000000000000e+03
1.746000000000000000e+03
1.754000000000000000e+03
1.762000000000000000e+03
1.768000000000000000e+03
1.774000000000000000e+03
1.776000000000000000e+03
1.781000000000000000e+03
1.790000000000000000e+03
1.795000000000000000e+03
1.802000000000000000e+03
1.806000000000000000e+03
1.813000000000000000e+03
1.820000000000000000e+03
1.831000000000000000e+03
1.836000000000000000e+03
1.851000000000000000e+03
1.862000000000000000e+03
1.865000000000000000e+03
1.871000000000000000e+03
1.878000000000000000e+03
1.885000000000000000e+03
1.897000000000000000e+03
1.904000000000000000e+03
1.909000000000000000e+03
1.911000000000000000e+03
1.914000000000000000e+03
1.920000000000000000e+03
1.926000000000000000e+03
1.928000000000000000e+03
1.929000000000000000e+03
1.930000000000000000e+03
1.931000000000000000e+03
1.932000000000000000e+03
1.934000000000000000e+03
1.940000000000000000e+03
1.957000000000000000e+03
1.960000000000000000e+03
1.962000000000000000e+03
1.965000000000000000e+03
1.969000000000000000e+03
1.977000000000000000e+03
1.980000000000000000e+03
1.993000000000000000e+03
2.003000000000000000e+03
2.005000000000000000e+03
2.010000000000000000e+03
2.019000000000000000e+03
2.024000000000000000e+03
2.031000000000000000e+03
2.037000000000000000e+03
2.044000000000000000e+03
2.053000000000000000e+03
2.059000000000000000e+03
2.063000000000000000e+03
2.074000000000000000e+03
2.079000000000000000e+03
2.087000000000000000e+03
2.102000000000000000e+03
2.111000000000000000e+03
2.116000000000000000e+03
2.120000000000000000e+03
2.129000000000000000e+03
2.136000000000000000e+03
2.139000000000000000e+03
2.151000000000000000e+03
2.157000000000000000e+03
2.164000000000000000e+03
2.168000000000000000e+03
2.176000000000000000e+03
2.179000000000000000e+03
2.181000000000000000e+03
2.190000000000000000e+03
2.198000000000000000e+03
2.204000000000000000e+03
2.208000000000000000e+03
2.214000000000000000e+03
2.223000000000000000e+03
2.227000000000000000e+03
2.240000000000000000e+03
2.247000000000000000e+03
2.253000000000000000e+03
2.271000000000000000e+03
2.278000000000000000e+03
2.284000000000000000e+03
2.293000000000000000e+03
2.297000000000000000e+03
2.305000000000000000e+03
2.307000000000000000e+03
2.309000000000000000e+03
2.324000000000000000e+03
2.328000000000000000e+03
2.332000000000000000e+03
2.343000000000000000e+03
2.348000000000000000e+03
2.353000000000000000e+03
2.359000000000000000e+03
2.367000000000000000e+03
2.380000000000000000e+03
2.388000000000000000e+03
2.402000000000000000e+03
2.411000000000000000e+03
2.415000000000000000e+03
2.425000000000000000e+03
2.428000000000000000e+03
2.430000000000000000e+03
2.449000000000000000e+03
2.455000000000000000e+03
2.463000000000000000e+03
2.466000000000000000e+03
2.475000000000000000e+03
2.482000000000000000e+03
2.485000000000000000e+03
2.490000000000000000e+03
2.499000000000000000e+03
2.501000000000000000e+03
2.503000000000000000e+03
2.507000000000000000e+03
2.516000000000000000e+03
2.520000000000000000e+03
2.528000000000000000e+03
2.532000000000000000e+03
2.538000000000000000e+03
2.545000000000000000e+03
2.550000000000000000e+03
2.558000000000000000e+03
2.568000000000000000e+03
2.576000000000000000e+03
2.580000000000000000e+03
2.589000000000000000e+03
2.594000000000000000e+03
2.601000000000000000e+03
2.605000000000000000e+03
2.610000000000000000e+03
2.614000000000000000e+03
2.630000000000000000e+03
2.634000000000000000e+03
2.639000000000000000e+03
2.641000000000000000e+03
2.645000000000000000e+03
2.653000000000000000e+03
2.669000000000000000e+03
2.679000000000000000e+03
2.691000000000000000e+03
2.698000000000000000e+03
2.701000000000000000e+03
2.705000000000000000e+03
2.711000000000000000e+03
2.716000000000000000e+03
2.733000000000000000e+03
2.740000000000000000e+03
2.746000000000000000e+03
2.754000000000000000e+03
2.759000000000000000e+03
2.767000000000000000e+03
2.772000000000000000e+03
2.782000000000000000e+03
2.786000000000000000e+03
2.788000000000000000e+03
2.791000000000000000e+03
2.793000000000000000e+03
2.801000000000000000e+03
2.808000000000000000e+03
2.816000000000000000e+03
2.824000000000000000e+03
2.828000000000000000e+03
2.833000000000000000e+03
2.839000000000000000e+03
2.842000000000000000e+03
2.848000000000000000e+03
2.850000000000000000e+03
2.858000000000000000e+03
2.868000000000000000e+03
2.876000000000000000e+03
2.879000000000000000e+03
2.881000000000000000e+03
2.888000000000000000e+03
2.899000000000000000e+03
2.904000000000000000e+03
2.908000000000000000e+03
2.912000000000000000e+03
2.919000000000000000e+03
2.929000000000000000e+03
2.935000000000000000e+03
2.941000000000000000e+03
2.949000000000000000e+03
2.953000000000000000e+03
2.957000000000000000e+03
2.961000000000000000e+03
2.971000000000000000e+03
2.982000000000000000e+03
2.985000000000000000e+03
2.989000000000000000e+03
2.996000000000000000e+03
2.999000000000000000e+03
3.004000000000000000e+03
3.008000000000000000e+03
3.022000000000000000e+03
3.024000000000000000e+03
3.029000000000000000e+03
3.034000000000000000e+03
3.038000000000000000e+03
3.045000000000000000e+03
3.063000000000000000e+03
3.072000000000000000e+03
3.083000000000000000e+03
3.091000000000000000e+03
3.094000000000000000e+03
3.106000000000000000e+03
3.120000000000000000e+03
3.125000000000000000e+03
3.130000000000000000e+03
3.135000000000000000e+03
3.137000000000000000e+03
3.145000000000000000e+03
3.161000000000000000e+03
3.174000000000000000e+03
3.177000000000000000e+03
3.183000000000000000e+03
3.192000000000000000e+03
3.196000000000000000e+03
3.202000000000000000e+03
3.214000000000000000e+03
3.219000000000000000e+03
3.228000000000000000e+03
3.231000000000000000e+03
3.246000000000000000e+03
3.256000000000000000e+03
3.265000000000000000e+03
3.274000000000000000e+03
3.283000000000000000e+03
3.285000000000000000e+03
3.298000000000000000e+03
3.303000000000000000e+03
3.309000000000000000e+03
3.321000000000000000e+03
3.330000000000000000e+03
3.339000000000000000e+03
3.345000000000000000e+03
3.349000000000000000e+03
3.358000000000000000e+03
3.372000000000000000e+03
3.381000000000000000e+03
3.383000000000000000e+03
3.392000000000000000e+03
3.397000000000000000e+03
3.401000000000000000e+03
3.407000000000000000e+03
3.412000000000000000e+03
3.414000000000000000e+03
3.426000000000000000e+03
3.430000000000000000e+03
3.434000000000000000e+03
3.439000000000000000e+03
3.456000000000000000e+03
3.459000000000000000e+03
3.469000000000000000e+03
3.471000000000000000e+03
3.476000000000000000e+03
3.482000000000000000e+03
3.491000000000000000e+03
3.493000000000000000e+03
3.497000000000000000e+03
3.508000000000000000e+03
3.512000000000000000e+03
3.516000000000000000e+03
3.520000000000000000e+03
3.526000000000000000e+03
3.537000000000000000e+03
3.541000000000000000e+03
3.546000000000000000e+03
3.551000000000000000e+03
3.555000000000000000e+03
3.557000000000000000e+03
3.561000000000000000e+03
3.563000000000000000e+03
3.568000000000000000e+03
3.583000000000000000e+03
3.587000000000000000e+03
3.593000000000000000e+03
3.598000000000000000e+03
3.603000000000000000e+03
3.610000000000000000e+03
3.619000000000000000e+03
3.622000000000000000e+03
3.636000000000000000e+03
3.648000000000000000e+03
3.651000000000000000e+03
3.661000000000000000e+03
3.663000000000000000e+03
3.672000000000000000e+03
3.677000000000000000e+03
3.681000000000000000e+03
3.684000000000000000e+03
3.688000000000000000e+03
3.695000000000000000e+03
3.701000000000000000e+03
3.710000000000000000e+03
3.715000000000000000e+03
3.721000000000000000e+03
3.731000000000000000e+03
3.735000000000000000e+03
3.742000000000000000e+03
3.753000000000000000e+03
3.764000000000000000e+03
3.770000000000000000e+03
3.784000000000000000e+03
3.790000000000000000e+03
3.800000000000000000e+03
3.805000000000000000e+03
3.813000000000000000e+03
3.818000000000000000e+03
3.822000000000000000e+03
3.828000000000000000e+03
3.832000000000000000e+03
3.836000000000000000e+03
3.838000000000000000e+03
3.844000000000000000e+03
